0.0056179775
0.0224719101
0.0561797753
0.1123595506
0.1460674157
0.1516853933
0.1685393258
0.202247191
0.2191011236
0.2247191011
0.4269662921
0.4325842697
0.4662921348
0.4719101124
0.5056179775
0.5224719101
0.5561797753
0.5730337079
0.5898876404
0.595505618
0.6292134831
0.6853932584
0.702247191
0.7191011236
0.7247191011
0.7303370787
0.7471910112
0.8314606742
0.8370786517
0.8539325843
0.9101123596
0.9269662921
0.9831460674
0.9887640449
1.1460674157
1.202247191
1.2584269663
1.2640449438
1.2696629213
1.2865168539
1.2921348315
1.297752809
1.3314606742
1.3370786517
1.3539325843
1.3876404494
1.4438202247
1.5
1.5168539326
1.5337078652
1.5505617978
1.5561797753
1.5617977528
1.6797752809
1.6853932584
1.7415730337
1.8258426966
2.0786516854
2.1348314607
2.4438202247
2.6011235955
2.6853932584
2.691011236
2.7247191011
2.808988764
2.8651685393
2.8988764045
2.9157303371
2.9719101124
2.9887640449
2.9943820225
3.0280898876
3.0449438202
3.0505617978
3.0561797753
3.1404494382
3.1573033708
3.191011236
3.1966292135
3.2134831461
3.2471910112
3.2528089888
3.5056179775
3.5112359551
3.5280898876
3.5617977528
3.5674157303
3.5842696629
3.6685393258
3.7247191011
3.7808988764
3.7865168539
3.8202247191
3.8370786517
3.8707865169
3.8876404494
3.9438202247
3.9494382022
3.9550561798
3.9887640449
3.9943820225
4.0280898876
4.0337078652
4.0393258427
4.0561797753
4.1123595506
4.1460674157
4.202247191
4.2359550562
4.2921348315
4.297752809
4.3033707865
4.3202247191
4.404494382
4.4101123596
4.4438202247
4.4606741573
4.4662921348
4.4831460674
4.5
4.7528089888
4.808988764
4.8651685393
4.8820224719
4.8876404494
4.893258427
4.8988764045
4.9550561798
5.0112359551
5.0168539326
5.1011235955
5.1348314607
5.1516853933
5.1853932584
5.2415730337
5.2752808989
5.2808988764
5.3370786517
5.3707865169
5.3764044944
5.3820224719
5.4382022472
5.4719101124
5.4887640449
5.5730337079
5.5786516854
5.595505618
5.7528089888
5.808988764
5.8146067416
5.8707865169
5.8764044944
5.893258427
5.9494382022
5.9662921348
6.0
6.0561797753
6.0730337079
6.0898876404
6.106741573
6.1404494382
6.2247191011
6.2808988764
6.2865168539
6.3033707865
6.3370786517
6.393258427
6.4494382022
6.5337078652
6.5505617978
6.5561797753
6.5617977528
6.5786516854
6.6966292135
6.7134831461
6.7191011236
6.7247191011
6.7303370787
